1	USA	51,644,612	+34,331	827,089	+370	40,489,962	+15,616	10,327,561	15,649	154,701	2,478	785,470,699	2,352,877	333,834,210
2	India	34,733,194		477,158		34,171,471	+8,706	84,565	8,944	24,813	341	662,897,388	473,569	1,399,791,068
3	Brazil	22,209,020		617,647		21,414,318		177,055	8,318	103,412	2,876	63,776,166	296,960	214,763,447
4	UK	11,279,428	+90,418	147,173	+125	9,741,854	+44,195	1,390,401	875	164,889	2,151	384,287,490	5,617,724	68,406,258
5	Russia	10,186,823	+27,434	296,180	+1,076	8,952,266	+38,041	938,377	2,300	69,760	2,028	234,500,000	1,605,881	146,025,778
6	Turkey	9,154,209	+17,644	80,244	+191	8,762,742	+25,568	311,223	1,128	106,864	937	114,026,345	1,331,112	85,662,476
7	France	8,577,376	+58,536	121,418	+85	7,498,715	+31,486	957,243	2,933	130,984	1,854	178,020,146	2,718,518	65,484,265
8	Germany	6,778,760	+21,167	108,817	+211	5,724,100	+44,700	945,843	4,636	80,532	1,293	87,852,398	1,043,690	84,174,831
9	Iran	6,169,011	+1,361	131,033	+41	5,999,860	+4,126	38,118	2,909	72,101	1,531	40,463,565	472,924	85,560,380
10	Spain	5,455,527		88,708		4,968,287		398,532	1,306	116,618	1,896	66,213,858	1,415,394	46,781,205
11	Argentina	5,382,290		116,892		5,228,552		36,846	756	117,516	2,552	26,961,711	588,675	45,800,634
12	Italy	5,364,852	+28,064	135,544	+123	4,881,836	+12,430	347,472	953	88,922	2,247	129,802,436	2,151,466	60,332,074
13	Colombia	5,103,269		129,345		4,943,964		29,960	342	98,759	2,503	28,885,434	558,996	51,673,771
14	Indonesia	4,260,380	+232	143,998	+12	4,111,464	+214	4,918		15,339	518	59,985,826	215,977	277,741,448
15	Poland	3,942,864	+19,397	91,415	+543	3,412,313	+26,092	439,136	2,088	104,347	2,419	26,170,850	692,605	37,786,117
16	Mexico	3,930,015	+2,750	297,567	+211	3,283,899	+1,955	348,549	4,798	30,021	2,273	12,152,050	92,829	130,908,180
17	Ukraine	3,604,549	+7,503	92,929	+288	3,324,999	+18,534	186,621	177	83,149	2,144	16,474,655	380,036	43,350,239
18	South Africa	3,292,609	+16,080	90,345	+48	2,992,289	+16,872	209,975	546	54,514	1,496	20,985,692	347,451	60,398,940
19	Netherlands	2,966,744	+14,616	20,420	+50	2,358,453	+23,531	587,871	625	172,584	1,188	19,205,114	1,117,213	17,190,193
20	Philippines	2,837,555	+291	50,675	+106	2,776,956	+523	9,924	899	25,402	454	24,814,389	222,137	111,707,434
21	Malaysia	2,711,764		31,044		2,625,245		55,475	400	82,248	942	39,517,168	1,198,558	32,970,601
22	Czechia	2,397,246	+8,963	35,149	+36	2,135,327	+530	226,770	889	223,249	3,273	46,057,471	4,289,215	10,737,971
23	Peru	2,260,180		202,076		N/A	N/A	N/A	943	67,184	6,007	21,022,179	624,890	33,641,433
24	Thailand	2,188,629	+3,132	21,353	+28	2,123,969	+3,278	43,307	1,061	31,241	305	14,913,135	212,876	70,055,541
25	Iraq	2,090,208	+182	24,051	+9	2,059,474	+480	6,683	94	50,321	579	16,654,158	400,946	41,537,114
26	Belgium	1,990,160		27,763		1,487,522		474,875	804	170,636	2,380	26,251,807	2,250,821	11,663,212
27	Canada	1,874,265	+7,358	30,038	+6	1,789,428	+1,207	54,799	455	49,033	786	50,635,831	1,324,685	38,224,796
28	Romania	1,797,706	+733	58,143	+56	1,723,945	+816	15,618	556	94,366	3,052	16,657,806	874,409	19,050,362
29	Chile	1,790,524	+1,415	38,840	+28	1,696,375	+2,572	55,309	632	92,507	2,007	26,696,229	1,379,256	19,355,533
30	Japan	1,729,582	+181	18,379	+1	1,710,085	+118	1,118	26	13,737	146	28,773,712	228,524	125,911,362
31	Bangladesh	1,580,872	+122	28,047	+4	1,545,403	+144	7,422	1,352	9,462	168	11,248,742	67,325	167,082,195
32	Vietnam	1,524,368	+15,895	29,351	+248	1,097,163	+1,645	397,854	7,895	15,458	298	72,505,300	735,229	98,615,930
33	Israel	1,354,677	+676	8,232	+2	1,339,765	+1,111	6,680	81	145,258	883	36,081,323	3,868,896	9,326,000
34	Pakistan	1,290,848	+357	28,870	+7	1,252,396	+239	9,582	666	5,683	127	22,778,855	100,285	227,141,523
35	Serbia	1,281,659	+1,015	12,364	+28	1,242,509	+2,242	26,786	135	147,555	1,423	7,056,373	812,384	8,686,002
36	Sweden	1,250,885		15,197		1,172,365		63,323	79	122,743	1,491	14,208,757	1,394,228	10,191,130
37	Austria	1,247,399	+2,167	13,462	+24	1,186,599	+5,994	47,338	496	137,358	1,482	117,317,627	12,918,500	9,081,366
38	Portugal	1,220,836	+5,062	18,753	+12	1,131,643	+5,016	70,440	147	120,240	1,847	23,437,697	2,308,379	10,153,316
39	Hungary	1,218,295		37,530		1,026,254		154,511	519	126,582	3,899	8,947,845	929,690	9,624,550
40	Switzerland	1,169,968		11,967		916,036		241,965	294	133,757	1,368	13,462,260	1,539,082	8,746,944
41	Jordan	1,033,469	+1,920	12,191	+40	959,210	+2,936	62,068	1,287	99,844	1,178	13,027,272	1,258,570	10,350,852
42	Greece	1,031,239	+4,337	19,799	+63	951,657	+5,087	59,783	684	99,649	1,913	42,722,744	4,128,304	10,348,741
43	Kazakhstan	982,475	+494	12,917	+14	952,314	+628	17,244	528	51,427	676	11,575,012	605,889	19,104,189
44	Cuba	964,035	+77	8,314	+1	955,320	+61	401	14	85,188	735	11,433,976	1,010,379	11,316,527
45	Morocco	952,628	+230	14,808	+4	936,348	+71	1,472	103	25,371	394	10,640,978	283,393	37,548,475
46	Georgia	906,965	+2,784	13,024	+53	854,630	+2,070	39,311		227,996	3,274	12,406,839	3,118,870	3,977,992
47	Nepal	825,603	+158	11,572	+2	808,603	+250	5,428	114	27,612	387	4,764,202	159,335	29,900,463
48	Slovakia	802,684	+4,021	15,931	+88	706,265	+9,246	80,488	545	146,918	2,916	4,951,304	906,251	5,463,501
49	UAE	743,586		2,151		738,387		3,048		73,881	214	106,271,965	10,558,945	10,064,639
50	Bulgaria	723,433		30,014		598,212		95,207	537	105,271	4,368	7,077,012	1,029,819	6,872,090
51	Tunisia	720,720	+202	25,455	+2	693,664	+193	1,601	76	60,065	2,121	3,258,010	271,524	11,998,961
52	Lebanon	699,464	+1,690	8,924	+12	647,268	+1,006	43,272	186	103,153	1,316	4,795,578	707,226	6,780,832
53	Belarus	683,172	+1,655	5,371	+16	674,634	+1,805	3,167		72,333	569	10,795,597	1,143,022	9,444,787
54	Croatia	673,427	+3,487	11,930	+51	637,562	+3,432	23,935	288	165,530	2,932	3,627,745	891,707	4,068,313
55	Ireland	651,476	+7,333	5,835		509,856	+4,646	135,785	107	129,822	1,163	9,313,992	1,856,036	5,018,216
56	Guatemala	623,449		16,065		606,638		746	5	33,886	873	3,214,583	174,720	18,398,469
57	Azerbaijan	609,397	+582	8,182	+15	585,284	+1,370	15,931		59,323	796	5,739,928	558,768	10,272,465
58	Denmark	609,062	+8,594	3,067	+13	503,031	+4,322	102,964	65	104,615	527	101,417,635	17,419,835	5,821,963
59	Sri Lanka	578,947	+508	14,734	+14	547,182	+343	17,031		26,872	684	5,726,599	265,806	21,544,241
60	Costa Rica	568,538		7,340		559,654		1,544	50	110,140	1,422	2,881,944	558,304	5,161,961
61	Bolivia	560,684		19,391		508,522		32,771	220	47,096	1,629	2,615,853	219,724	11,905,155
62	S. Korea	558,864	+7,313	4,644	+53	451,337	+2,528	102,883	1,016	10,887	90	15,804,065	307,870	51,333,572
63	Saudi Arabia	550,738	+116	8,861	+1	539,981	+96	1,896	34	15,468	249	32,302,267	907,262	35,604,133
64	Ecuador	536,129		33,593		443,880		58,656	759	29,730	1,863	2,094,849	116,164	18,033,565
65	Myanmar	528,101	+170	19,213	+5	505,103	+247	3,785		9,612	350	5,886,394	107,139	54,941,879
66	Lithuania	500,986	+1,633	7,097	+19	467,552	+3,158	26,337	129	187,858	2,661	6,448,684	2,418,107	2,666,831
67	Panama	482,677		7,398		471,413		3,866	14	109,357	1,676	4,351,363	985,862	4,413,767
68	Paraguay	464,176		16,528		446,885		763	57	63,934	2,276	1,994,441	274,706	7,260,283
69	Slovenia	447,792	+1,286	5,483	+19	423,506	+1,889	18,803	222	215,351	2,637	2,023,037	972,916	2,079,355
70	Venezuela	440,784		5,272		429,050		6,462	681	15,565	186	3,359,014	118,616	28,318,348
71	Palestine	435,971	+165	4,599	+5	427,599	+346	3,773	55	82,662	872	2,801,820	531,239	5,274,123
72	Kuwait	414,023	+51	2,466		411,059	+29	498	4	94,902	565	5,694,721	1,305,340	4,362,635
73	Dominican Republic	411,266		4,222		405,494		1,550	89	37,366	384	2,523,473	229,270	11,006,554
74	Uruguay	403,899		6,150		395,155		2,594	21	115,687	1,762	4,259,718	1,220,097	3,491,295
75	Mongolia	386,787	+267	2,043	+2	313,256		71,488	192	115,279	609	4,030,048	1,201,122	3,355,235
76	Libya	381,023		5,589		368,854		6,580		54,374	798	1,972,665	281,507	7,007,511
77	Honduras	378,804	+69	10,428		123,618	+428	244,758	38	37,379	1,029	1,132,491	111,749	10,134,210
78	Ethiopia	375,810	+791	6,861	+2	350,824	+47	18,125	150	3,155	58	3,970,202	33,332	119,110,121
79	Egypt	373,509		21,277		310,749		41,483	90	3,552	202	3,693,367	35,126	105,146,721
80	Moldova	372,154	+304	9,482	+16	357,372	+443	5,300	204	92,569	2,359	2,288,376	569,208	4,020,280
81	Norway	343,697		1,204		88,952		253,541	118	62,683	220	9,044,376	1,649,509	5,483,073
82	Armenia	343,506	+156	7,893	+8	328,050	+511	7,563		115,607	2,656	2,485,938	836,643	2,971,325
83	Oman	304,783		4,113		300,122		548	3	57,553	777	25,000,000	4,720,789	5,295,725
84	Bosnia and Herzegovina	284,272		13,121		192,218		78,933		87,441	4,036	1,444,359	444,277	3,251,031
85	Bahrain	278,410	+101	1,394		276,538	+44	478	1	155,745	780	7,754,577	4,337,970	1,787,605
86	Singapore	275,655	+271	810	+1	270,854	+501	3,991	30	46,583	137	21,098,774	3,565,516	5,917,454
87	Latvia	266,716	+910	4,438	+8	251,877		10,401	94	143,724	2,391	5,513,717	2,971,148	1,855,753
88	Kenya	260,166		5,353		249,192		5,621	1	4,688	96	2,915,257	52,530	55,496,494
89	Australia	246,789	+4,022	2,142	+8	218,104		26,543	110	9,517	83	51,352,126	1,980,314	25,931,300
90	Qatar	246,367	+179	614		243,415	+197	2,338	10	87,744	219	3,096,279	1,102,740	2,807,805
91	Estonia	231,694	+576	1,882	+8	216,969	+1,004	12,843	17	174,490	1,417	2,439,061	1,836,868	1,327,837
92	Nigeria	222,655		2,984		211,373		8,298	11	1,042	14	3,686,403	17,260	213,579,166
93	North Macedonia	221,095	+301	7,801	+7	207,755	+192	5,539		106,130	3,745	1,519,050	729,174	2,083,249
94	Zambia	215,472	+1,039	3,678	+4	207,023	+146	4,771	82	11,262	192	2,819,344	147,352	19,133,382
95	Algeria	214,330	+286	6,180	+5	147,448	+185	60,702	24	4,762	137	230,861	5,130	45,004,903
96	Finland	213,318		1,454		46,000		165,864	46	38,413	262	8,317,334	1,497,734	5,553,280
97	Albania	205,549	+325	3,161	+3	197,055	+355	5,333	23	71,540	1,100	1,436,371	499,918	2,873,211
98	Botswana	199,864		2,425		192,452		4,987	1	82,561	1,002	1,960,578	809,888	2,420,801
99	Uzbekistan	196,900	+161	1,456	+3	193,709	+231	1,735	23	5,761	43	1,377,915	40,318	34,176,292
100	Zimbabwe	189,567		4,779		134,081		50,707	12	12,489	315	1,767,224	116,431	15,178,321
101	Kyrgyzstan	184,163	+40	2,781	+2	179,247	+42	2,135	131	27,565	416	1,884,828	282,115	6,681,072
102	Montenegro	160,818	+163	2,373	+1	156,459	+157	1,986	60	256,005	3,778	937,781	1,492,849	628,182
103	Mozambique	158,111		1,948		150,239		5,924	13	4,860	60	1,020,772	31,379	32,530,059
104	Afghanistan	157,745	+1	7,333	+1	145,137	+34	5,275	1,124	3,923	182	809,978	20,146	40,205,255
105	Cyprus	144,713	+508	619	+2	124,370		19,724	54	118,600	507	9,477,138	7,767,006	1,220,179
106	Namibia	136,921	+970	3,581	+1	126,314	+26	7,026	15	52,501	1,373	830,762	318,549	2,607,958
107	Ghana	131,911		1,255		129,683		973	5	4,120	39	2,038,858	63,679	32,017,806
108	Uganda	128,764	+255	3,272		97,971	+22	27,521	74	2,691	68	2,053,117	42,914	47,842,870
109	El Salvador	121,437		3,803		105,385		12,249	198	18,586	582	1,488,216	227,767	6,533,952
110	Cambodia	120,410	+5	3,003	+2	116,782	+11	625		7,060	176	2,745,722	160,980	17,056,281
111	Cameroon	107,662		1,836		105,307		519	13	3,914	67	1,751,774	63,682	27,508,035
112	Rwanda	101,183		1,344		45,522		54,317		7,540	100	3,727,624	277,772	13,419,732
113	China	100,201	+125	4,636		93,917	+33	1,648	6	70	3	160,000,000	111,163	1,439,323,776
114	Laos	97,505	+1,249	268	+2	7,339		89,898		13,124	36	884,054	118,993	7,429,460
115	Luxembourg	96,108		898		89,457		5,753	22	149,976	1,401	3,765,019	5,875,305	640,821
116	Maldives	93,864	+131	259		91,573	+168	2,032	23	169,302	467	1,825,274	3,292,234	554,418
117	Jamaica	92,018	+46	2,444	+3	63,710	+49	25,864	2	30,878	820	690,217	231,615	2,980,024
118	Trinidad and Tobago	84,793	+956	2,560	+33	66,894	+469	15,339	22	60,304	1,821	485,659	345,394	1,406,100
119	Senegal	74,141	+12	1,886		72,203	+12	52	2	4,264	108	899,620	51,743	17,386,312
120	Réunion	67,237		393		62,026		4,818	21	74,325	434	1,347,378	1,489,421	904,632
121	Angola	65,760		1,738		63,691		331	3	1,914	51	1,220,635	35,531	34,353,920
122	DRC	64,448		1,126		50,930		12,392		689	12	306,299	3,275	93,523,734
123	Malawi	64,412	+468	2,311		59,136	+61	2,965	67	3,245	116	460,261	23,187	19,849,661
124	Ivory Coast	62,032		706		61,070		256		2,270	26	1,187,326	43,445	27,329,414
125	Eswatini	59,714	+838	1,260	+2	47,992	+895	10,462	11	50,705	1,070	414,431	351,904	1,177,682
126	Guadeloupe	55,441		749		2,250		52,442	23	138,525	1,871	551,264	1,377,389	400,224
127	Fiji	52,623		697		51,196		730		58,088	769	467,268	515,794	905,920
128	Suriname	51,384	+23	1,180		48,874		1,330	10	86,462	1,986	165,358	278,241	594,298
129	Syria	49,631		2,837		30,961		15,833		2,739	157	113,162	6,245	18,119,733
130	French Guiana	46,732		336		11,254		35,142	6	150,771	1,084	471,557	1,521,382	309,953
131	Martinique	46,700		749		104		45,847	1	124,586	1,998	438,296	1,169,288	374,840
132	French Polynesia	46,342		636		N/A	N/A	N/A	7	163,593	2,245			283,277
133	Madagascar	45,794		980		43,393		1,421	22	1,594	34	290,447	10,110	28,727,489
134	Sudan	45,112		3,252		36,009		5,851		995	72	238,579	5,262	45,340,281
135	Malta	41,571	+291	471		38,897	+100	2,203	3	93,785	1,063	1,211,456	2,733,066	443,259
136	Mauritania	40,027	+37	852		38,716	+46	459	18	8,291	176	537,028	111,241	4,827,591
137	Guyana	38,751		1,028		37,036		687	13	48,923	1,298	409,954	517,561	792,089
138	Cabo Verde	38,573	+16	351		38,106	+6	116	23	68,296	621	211,692	374,813	564,793
139	Gabon	37,743		285		35,488		1,970	5	16,394	124	1,459,776	634,074	2,302,217
140	Papua New Guinea	36,004		589		35,252		163	7	3,916	64	249,149	27,099	9,193,967
141	Belize	31,246		589		30,110		547	6	76,556	1,443	368,795	903,586	408,146
142	Guinea	30,814		388		29,776		650	49	2,257	28	569,940	41,750	13,651,361
143	Barbados	27,126		256		25,273		1,597		94,224	889	456,453	1,585,523	287,888
144	Togo	26,550		244		25,962		344		3,101	29	597,792	69,825	8,561,296
145	Tanzania	26,483		734		N/A	N/A	N/A	7	426	12			62,210,696
146	Haiti	25,907		765		22,583		2,559		2,232	66	132,422	11,411	11,605,203
147	Benin	24,907		161		24,705		41	5	1,979	13	604,310	48,016	12,585,502
148	Lesotho	24,733	+435	665		14,011	+59	10,057		11,413	307	284,764	131,408	2,167,019
149	Seychelles	24,047		131		23,574		342		242,324	1,320			99,235
150	Somalia	23,169		1,333		12,903		8,933		1,401	81	262,138	15,850	16,538,654
151	Bahamas	22,995		713		21,683		599	2	57,671	1,788	175,609	440,427	398,724
152	Mauritius	22,869		680		21,303		886		17,939	533	358,675	281,347	1,274,848
153	Channel Islands	21,667		110		19,632		1,925		122,968	624	1,102,820	6,258,910	176,200
154	Burundi	21,422		38		773		20,611		1,727	3	345,742	27,869	12,406,172
155	Mayotte	21,180		185		2,964		18,031		75,000	655	176,919	626,484	282,400
156	Andorra	20,549		134		18,285		2,130	31	265,337	1,730	218,899	2,826,509	77,445
157	Iceland	20,232		36		18,644		1,552	2	58,733	105	1,304,837	3,787,911	344,474
158	Timor-Leste	19,833	+1	122		19,704		7		14,637	90	211,166	155,838	1,355,033
159	Mali	19,192	+128	639	+2	15,866	+137	2,687		910	30	516,301	24,469	21,099,787
160	Congo	19,179		365		12,421		6,393		3,355	64	188,207	32,927	5,715,863
161	Curaçao	17,747	+27	184		17,351	+17	212	3	107,511	1,115	361,952	2,192,692	165,072
162	Nicaragua	17,391		210		4,225		12,956		2,580	31			6,739,476
163	Tajikistan	17,095		124		16,966		5		1,736	13			9,849,658
164	Taiwan	16,799	+13	849		15,739	+10	211		703	36	8,900,420	372,719	23,879,677
165	Aruba	16,778	+27	180		16,339	+15	259	9	156,180	1,676	177,885	1,655,869	107,427
166	Burkina Faso	16,672		296		15,926		450		767	14	234,250	10,776	21,737,656
167	Brunei	15,386	+1	98		15,083	+9	205	1	34,685	221	664,378	1,497,737	443,588
168	Equatorial Guinea	13,618		175		13,407		36	1	9,264	119	263,190	179,036	1,470,043
169	Djibouti	13,528	+1	189		13,304		35		13,408	187	253,514	251,267	1,008,944
170	New Zealand	13,366	+49	49		11,324	+159	1,993	40	2,672	10	5,370,203	1,073,590	5,002,100
171	South Sudan	13,309		133		12,614		562	2	1,169	12	281,458	24,722	11,385,084
172	Saint Lucia	13,136		291		12,765		80	3	71,063	1,574	103,717	561,084	184,851
173	Isle of Man	12,974		67		12,020		887	1	151,408	782	133,676	1,560,014	85,689
174	Hong Kong	12,519	+5	213		12,182	+2	124		1,650	28	28,539,548	3,762,285	7,585,696
175	New Caledonia	12,502	+25	280		12,032	+11	190	8	43,185	967	42,756	147,689	289,501
176	CAR	11,961		101		6,859		5,001	2	2,415	20	60,228	12,162	4,952,141
177	Yemen	10,097	+5	1,976	+2	6,965	+5	1,156	23	328	64	265,253	8,617	30,782,771
178	Gambia	10,051		342		9,647		62	1	3,996	136	128,823	51,212	2,515,493
179	Cayman Islands	8,097		9		4,660		3,428	17	121,127	135	215,963	3,230,706	66,847
180	Gibraltar	7,778	+41	100		7,302	+29	376	3	230,966	2,969	435,432	12,930,039	33,676
181	Eritrea	7,753	+22	68	+1	7,542	+21	143		2,143	19	23,693	6,549	3,617,976
182	Niger	7,199	+8	272		6,879		48	2	283	11	198,782	7,801	25,480,980
183	San Marino	7,007		95		6,159		753	6	205,876	2,791	98,261	2,887,057	34,035
184	Sierra Leone	6,471	+19	121		N/A	N/A	N/A		788	15	160,729	19,569	8,213,308
185	Guinea-Bissau	6,455		149		6,287		19		3,171	73	109,448	53,763	2,035,739
186	Dominica	6,286		42		5,874		370		87,007	581	116,293	1,609,659	72,247
187	Grenada	5,919		200		5,675		44		52,249	1,765	89,808	792,769	113,284
188	Liberia	5,844		287		5,535		22	2	1,117	55	128,246	24,517	5,230,800
189	Bermuda	5,815		106		5,647		62		93,878	1,711	671,065	10,833,764	61,942
190	St. Vincent Grenadines	5,758		77		5,111		570	7	51,663	691	91,583	821,711	111,454
191	Chad	5,701		181		4,874		646		333	11	157,235	9,189	17,111,892
192	Liechtenstein	5,596	+45	68		5,152		376	18	146,155	1,776	80,413	2,100,214	38,288
193	Sint Maarten	4,664		75		4,543		46	10	107,007	1,721	62,056	1,423,760	43,586
194	Comoros	4,649	+43	151		4,407	+7	91		5,185	168			896,584
195	Faeroe Islands	4,639		13		4,262		364	7	94,415	265	608,000	12,374,323	49,134
196	Monaco	4,386	+47	36		4,045	+25	305	4	110,623	908	54,960	1,386,199	39,648
197	Antigua and Barbuda	4,186		117		4,036		33	1	42,235	1,180	18,195	183,580	99,112
198	Saint Martin	4,008		56		1,399		2,553	7	101,143	1,413	78,366	1,977,591	39,627
199	Sao Tome and Principe	3,735		57		3,676		2		16,593	253	15,154	67,324	225,089
200	Caribbean Netherlands	3,179		22		3,036		121		119,606	828	30,126	1,133,451	26,579
201	Turks and Caicos	3,163	+5	25		3,084	+10	54		80,114	633	94,789	2,400,876	39,481
202	British Virgin Islands	2,886		39		N/A	N/A	N/A	7	94,545	1,278	82,570	2,704,996	30,525
203	Saint Kitts and Nevis	2,801		28		2,765		8	1	52,114	521	57,508	1,069,956	53,748
204	Bhutan	2,656		3		2,638	+6	15		3,388	4	1,271,150	1,621,369	783,998
205	Greenland	1,969				1,736		233	2	34,596		127,046	2,232,245	56,914
206	St. Barth	1,621		6		N/A	N/A	N/A		163,391	605	56,491	5,694,083	9,921
207	Anguilla	1,592		4		1,521		67		104,751	263	51,382	3,380,840	15,198
208	Diamond Princess	712		13		699		0						
209	Wallis and Futuna	454		7		438		9		41,454	639	20,508	1,872,535	10,952
210	Saint Pierre Miquelon	96				74		22		16,687		13,534	2,352,512	5,753
211	Falkland Islands	83				N/A	N/A	N/A		22,884		8,316	2,292,804	3,627
212	Macao	77				77		0		116		5,019	7,579	662,239
213	Montserrat	44		1		43		0		8,807	200	3,093	619,095	4,996
214	Vatican City	27				27		0		33,582				804
215	Solomon Islands	20				20		0		28		4,500	6,325	711,412
216	Western Sahara	10		1		8		1		16	2			618,724
217	MS Zaandam	9		2		7		0						
218	Palau	8				8		0		439		14,878	816,575	18,220
219	Vanuatu	6		1		5		0		19	3	23,000	72,419	317,598
220	Marshall Islands	4				4		0		67				59,773
221	Samoa	3				3		0		15				200,337
222	Saint Helena	2				2		0		328				6,103
223	Micronesia	1				1		0		9				116,781
224	Tonga	1				1		0		9				107,442
